3 0.30916666666666665 0.22772277227722773 0.028333333333333332 0.0594059405940594
3 0.46 0.6237623762376238 0.043333333333333335 0.04950495049504951
3 0.68 0.5099009900990099 0.016666666666666666 0.0594059405940594
3 0.69 0.6782178217821783 0.043333333333333335 0.039603960396039604
3 0.7375 0.6188118811881188 0.058333333333333334 0.034653465346534656
3 0.8866666666666667 0.6386138613861386 0.03666666666666667 0.034653465346534656
3 0.9591666666666666 0.4207920792079208 0.045 0.04950495049504951
3 0.6625 0.26485148514851486 0.04833333333333333 0.024752475247524754
3 0.7016666666666667 0.8650990099009901 0.03333333333333333 0.10148514851485149
3 0.6766666666666666 0.844059405940594 0.03 0.054455445544554455
3 0.09666666666666666 0.7846534653465347 0.043333333333333335 0.0594059405940594
3 0.0575 0.6707920792079208 0.015 0.06930693069306931
3 0.02 0.9702970297029703 0.02 0.054455445544554455
