3 0.08666666666666667 0.018008474576271187 0.06 0.03177966101694915
3 0.15166666666666667 0.06673728813559322 0.04666666666666667 0.048728813559322036
3 0.09083333333333334 0.1864406779661017 0.06166666666666667 0.029661016949152543
3 0.07833333333333334 0.3474576271186441 0.03666666666666667 0.05084745762711865
3 0.03833333333333333 0.3463983050847458 0.03333333333333333 0.05296610169491525
3 0.21833333333333332 0.4152542372881356 0.023333333333333334 0.05084745762711865
3 0.30416666666666664 0.4353813559322034 0.041666666666666664 0.06567796610169492
3 0.31833333333333336 0.4088983050847458 0.07 0.038135593220338986
3 0.4875 0.2065677966101695 0.04833333333333333 0.019067796610169493
3 0.6141666666666666 0.2319915254237288 0.051666666666666666 0.057203389830508475
3 0.7791666666666667 0.2319915254237288 0.041666666666666664 0.036016949152542374
3 0.8466666666666667 0.3008474576271186 0.03666666666666667 0.0635593220338983
3 0.4266666666666667 0.5529661016949152 0.04 0.03389830508474576
3 0.4775 0.5646186440677966 0.051666666666666666 0.04449152542372881
3 0.6125 0.5805084745762712 0.03166666666666667 0.046610169491525424
3 0.3258333333333333 0.5783898305084746 0.03166666666666667 0.046610169491525424
3 0.23666666666666666 0.6504237288135594 0.03666666666666667 0.05084745762711865
3 0.18166666666666667 0.690677966101695 0.05333333333333334 0.0211864406779661
3 0.12083333333333333 0.8728813559322034 0.021666666666666667 0.0635593220338983
3 0.2916666666666667 0.9078389830508474 0.05 0.023305084745762712
3 0.01 0.847457627118644 0.016666666666666666 0.07203389830508475
3 0.5483333333333333 0.7807203389830508 0.04666666666666667 0.05296610169491525
3 0.6066666666666667 0.7584745762711864 0.03 0.05084745762711865
3 0.7133333333333334 0.7023305084745762 0.05333333333333334 0.02754237288135593
3 0.7958333333333333 0.7171610169491526 0.051666666666666666 0.023305084745762712
3 0.8808333333333334 0.7245762711864406 0.03166666666666667 0.059322033898305086
3 0.9408333333333333 0.7457627118644068 0.03166666666666667 0.05508474576271186
3 0.8733333333333333 0.8569915254237288 0.03333333333333333 0.057203389830508475
3 0.835 0.8739406779661016 0.04 0.023305084745762712
