3 0.285 0.49879227053140096 0.03 0.050724637681159424
3 0.10916666666666666 0.9190821256038647 0.035 0.050724637681159424
3 0.0675 0.9396135265700483 0.04833333333333333 0.033816425120772944
3 0.34 0.9915458937198067 0.03333333333333333 0.016908212560386472
3 0.5883333333333334 0.9347826086956522 0.023333333333333334 0.057971014492753624
3 0.6941666666666667 0.9045893719806763 0.03833333333333333 0.04106280193236715
3 0.4875 0.8973429951690821 0.018333333333333333 0.06038647342995169
3 0.5566666666666666 0.857487922705314 0.043333333333333335 0.024154589371980676
3 0.43083333333333335 0.8115942028985508 0.03833333333333333 0.06763285024154589
3 0.5983333333333334 0.7524154589371981 0.016666666666666666 0.050724637681159424
3 0.5691666666666667 0.6026570048309179 0.028333333333333332 0.04106280193236715
3 0.5116666666666667 0.6014492753623188 0.03333333333333333 0.06280193236714976
3 0.4525 0.5966183574879227 0.015 0.043478260869565216
3 0.4633333333333333 0.5 0.03333333333333333 0.043478260869565216
3 0.4975 0.4867149758454106 0.028333333333333332 0.04589371980676329
3 0.5133333333333333 0.44323671497584544 0.023333333333333334 0.036231884057971016
3 0.4875 0.44323671497584544 0.03166666666666667 0.06521739130434782
3 0.6316666666666667 0.27053140096618356 0.02666666666666667 0.06280193236714976
3 0.7433333333333333 0.24154589371980675 0.03333333333333333 0.043478260869565216
3 0.8908333333333334 0.463768115942029 0.04833333333333333 0.01932367149758454
3 0.9516666666666667 0.3079710144927536 0.023333333333333334 0.06038647342995169
3 0.8391666666666666 0.2753623188405797 0.025 0.05314009661835749
3 0.7891666666666667 0.18357487922705315 0.03166666666666667 0.01932367149758454
3 0.6025 0.09178743961352658 0.021666666666666667 0.04830917874396135
3 0.48333333333333334 0.043478260869565216 0.03 0.04830917874396135
3 0.45416666666666666 0.04830917874396135 0.015 0.05314009661835749
