3 0.25333333333333335 0.41818181818181815 0.03 0.045454545454545456
3 0.23833333333333334 0.2840909090909091 0.03 0.05454545454545454
3 0.25333333333333335 0.25795454545454544 0.06333333333333334 0.020454545454545454
3 0.4975 0.4147727272727273 0.028333333333333332 0.04318181818181818
3 0.18583333333333332 0.47954545454545455 0.028333333333333332 0.045454545454545456
3 0.1375 0.5125 0.055 0.020454545454545454
3 0.2275 0.7113636363636363 0.045 0.01818181818181818
3 0.085 0.6795454545454546 0.02 0.05909090909090909
3 0.04833333333333333 0.20795454545454545 0.03333333333333333 0.056818181818181816
3 0.014166666666666666 0.20681818181818182 0.025 0.05909090909090909
3 0.060833333333333336 0.06704545454545455 0.045 0.029545454545454545
3 0.39166666666666666 0.08068181818181819 0.04 0.020454545454545454
3 0.4975 0.1 0.041666666666666664 0.05
3 0.6358333333333334 0.1 0.035 0.03636363636363636
3 0.6908333333333333 0.16590909090909092 0.035 0.05909090909090909
3 0.9383333333333334 0.11931818181818182 0.02666666666666667 0.04772727272727273
3 0.6816666666666666 0.9613636363636363 0.03333333333333333 0.045454545454545456
