3 0.7141666666666666 0.0528169014084507 0.051666666666666666 0.02112676056338028
3 0.6891666666666667 0.07276995305164319 0.04833333333333333 0.023474178403755867
3 0.6583333333333333 0.24413145539906103 0.06 0.051643192488262914
3 0.6583333333333333 0.18192488262910797 0.05333333333333334 0.035211267605633804
3 0.5383333333333333 0.2476525821596244 0.03 0.0539906103286385
3 0.49666666666666665 0.4107981220657277 0.013333333333333334 0.06572769953051644
3 0.4891666666666667 0.37910798122065725 0.055 0.035211267605633804
3 0.4375 0.4119718309859155 0.04833333333333333 0.025821596244131457
3 0.1975 0.5093896713615024 0.021666666666666667 0.06572769953051644
3 0.30666666666666664 0.636150234741784 0.016666666666666666 0.06103286384976526
3 0.3425 0.7394366197183099 0.03833333333333333 0.046948356807511735
3 0.5366666666666666 0.6032863849765259 0.02666666666666667 0.051643192488262914
3 0.6791666666666667 0.5950704225352113 0.03833333333333333 0.04929577464788732
3 0.6808333333333333 0.7288732394366197 0.041666666666666664 0.02112676056338028
3 0.555 0.7946009389671361 0.04 0.01643192488262911
3 0.5875 0.8873239436619719 0.055 0.018779342723004695
3 0.8075 0.9730046948356808 0.041666666666666664 0.04460093896713615
3 0.8758333333333334 0.7934272300469484 0.028333333333333332 0.051643192488262914
3 0.9016666666666666 0.8086854460093896 0.03 0.08685446009389672
3 0.9375 0.7276995305164319 0.025 0.028169014084507043
3 0.9658333333333333 0.9553990610328639 0.018333333333333333 0.07511737089201878
3 0.9866666666666667 0.9683098591549296 0.016666666666666666 0.05868544600938967
3 0.98 0.9154929577464789 0.016666666666666666 0.051643192488262914
