3 0.21 0.022779043280182234 0.016666666666666666 0.04100227790432802
3 0.3425 0.07403189066059225 0.011666666666666667 0.05239179954441914
3 0.37083333333333335 0.07061503416856492 0.03166666666666667 0.05011389521640091
3 0.6425 0.26651480637813213 0.03833333333333333 0.04555808656036447
3 0.8466666666666667 0.02847380410022779 0.03333333333333333 0.04328018223234624
3 0.9733333333333334 0.46810933940774485 0.04666666666666667 0.06605922551252848
3 0.965 0.5831435079726651 0.03333333333333333 0.03644646924829157
3 0.9275 0.5820045558086561 0.041666666666666664 0.06150341685649203
3 0.5925 0.9043280182232346 0.035 0.04555808656036447
3 0.48083333333333333 0.9373576309794989 0.021666666666666667 0.05239179954441914
3 0.4475 0.8644646924829157 0.041666666666666664 0.025056947608200455
3 0.3775 0.89749430523918 0.025 0.05466970387243736
3 0.32083333333333336 0.816628701594533 0.041666666666666664 0.07061503416856492
3 0.16666666666666666 0.510250569476082 0.03 0.04555808656036447
3 0.21583333333333332 0.4544419134396355 0.045 0.0387243735763098
