3 0.18666666666666668 0.4177215189873418 0.056666666666666664 0.02109704641350211
3 0.25333333333333335 0.41877637130801687 0.016666666666666666 0.06118143459915612
3 0.24416666666666667 0.3871308016877637 0.065 0.035864978902953586
3 0.45 0.5981012658227848 0.05 0.04852320675105485
3 0.2925 0.609704641350211 0.03166666666666667 0.046413502109704644
3 0.041666666666666664 0.6360759493670886 0.016666666666666666 0.056962025316455694
3 0.08333333333333333 0.7426160337552743 0.04 0.05063291139240506
3 0.31666666666666665 0.7953586497890295 0.05333333333333334 0.012658227848101266
3 0.45416666666666666 0.7341772151898734 0.045 0.02109704641350211
3 0.35 0.8881856540084389 0.056666666666666664 0.02531645569620253
3 0.5916666666666667 0.9746835443037974 0.05 0.04219409282700422
3 0.6941666666666667 0.8090717299578059 0.03166666666666667 0.08649789029535865
3 0.6691666666666667 0.7932489451476793 0.035 0.05485232067510549
3 0.8841666666666667 0.6170886075949367 0.041666666666666664 0.03164556962025317
3 0.9566666666666667 0.42510548523206754 0.043333333333333335 0.04430379746835443
