3 0.20333333333333334 0.27427184466019416 0.04 0.04854368932038835
3 0.2275 0.46116504854368934 0.03166666666666667 0.04854368932038835
3 0.04833333333333333 0.587378640776699 0.02666666666666667 0.04854368932038835
3 0.31 0.9478155339805825 0.043333333333333335 0.050970873786407765
3 0.6133333333333333 0.7633495145631068 0.03 0.021844660194174758
3 0.39166666666666666 0.7233009708737864 0.02 0.04854368932038835
3 0.9441666666666667 0.7342233009708737 0.04833333333333333 0.04611650485436893
3 0.8916666666666667 0.6699029126213593 0.03 0.05339805825242718
3 0.95 0.6237864077669902 0.03 0.043689320388349516
3 0.9275 0.6347087378640777 0.021666666666666667 0.04611650485436893
3 0.7041666666666667 0.40898058252427183 0.041666666666666664 0.04611650485436893
3 0.905 0.3276699029126214 0.016666666666666666 0.06310679611650485
