3 0.07083333333333333 0.3130952380952381 0.07166666666666667 0.09285714285714286
3 0.10333333333333333 0.20833333333333334 0.1 0.08333333333333333
3 0.0475 0.15119047619047618 0.075 0.0880952380952381
3 0.6591666666666667 0.20476190476190476 0.065 0.1380952380952381
3 0.6516666666666666 0.023809523809523808 0.04666666666666667 0.04285714285714286
3 0.7616666666666667 0.04404761904761905 0.12 0.08333333333333333
3 0.7866666666666666 0.6773809523809524 0.06333333333333334 0.14047619047619048
3 0.9191666666666667 0.7011904761904761 0.08166666666666667 0.10714285714285714
3 0.8083333333333333 0.8321428571428572 0.06333333333333334 0.14523809523809525
3 0.715 0.8130952380952381 0.09666666666666666 0.05952380952380952
