3 0.21166666666666667 0.501131221719457 0.023333333333333334 0.0746606334841629
3 0.23833333333333334 0.4830316742081448 0.016666666666666666 0.07013574660633484
3 0.265 0.4490950226244344 0.03666666666666667 0.04751131221719457
3 0.36333333333333334 0.13800904977375567 0.03666666666666667 0.05429864253393665
3 0.33 0.1334841628959276 0.03666666666666667 0.05429864253393665
3 0.29333333333333333 0.1425339366515837 0.04666666666666667 0.04524886877828054
3 0.34 0.049773755656108594 0.02 0.08144796380090498
3 0.625 0.03959276018099547 0.043333333333333335 0.0746606334841629
3 0.6591666666666667 0.1493212669683258 0.035 0.04524886877828054
3 0.6416666666666667 0.333710407239819 0.03333333333333333 0.08823529411764706
3 0.55 0.29751131221719457 0.03666666666666667 0.05203619909502263
3 0.955 0.0667420814479638 0.056666666666666664 0.05656108597285068
3 0.9691666666666666 0.34841628959276016 0.04833333333333333 0.03619909502262444
