3 0.205 0.2925407925407925 0.043333333333333335 0.053613053613053616
3 0.2625 0.3344988344988345 0.03833333333333333 0.04895104895104895
3 0.23916666666666667 0.3939393939393939 0.035 0.046620046620046623
3 0.2791666666666667 0.6072261072261073 0.051666666666666666 0.030303030303030304
3 0.4725 0.6724941724941725 0.051666666666666666 0.02564102564102564
3 0.3125 0.9557109557109557 0.04833333333333333 0.027972027972027972
3 0.6533333333333333 0.42424242424242425 0.04 0.046620046620046623
3 0.71 0.3962703962703963 0.043333333333333335 0.046620046620046623
3 0.83 0.5955710955710956 0.04 0.04895104895104895
3 0.8541666666666666 0.7972027972027972 0.041666666666666664 0.04195804195804196
