3 0.24894957983193278 0.025833333333333333 0.05672268907563025 0.045
3 0.3119747899159664 0.021666666666666667 0.06512605042016807 0.04
3 0.38865546218487396 0.06916666666666667 0.05042016806722689 0.035
3 0.6439075630252101 0.05 0.03991596638655462 0.04666666666666667
3 0.7310924369747899 0.014166666666666666 0.04201680672268908 0.025
3 0.8256302521008403 0.3175 0.06722689075630252 0.041666666666666664
3 0.9726890756302521 0.3858333333333333 0.0546218487394958 0.03166666666666667
3 0.930672268907563 0.4866666666666667 0.07142857142857142 0.056666666666666664
3 0.9842436974789915 0.7691666666666667 0.031512605042016806 0.045
3 0.5861344537815126 0.7908333333333334 0.029411764705882353 0.051666666666666666
3 0.5031512605042017 0.8041666666666667 0.04831932773109244 0.035
3 0.4842436974789916 0.8441666666666666 0.04411764705882353 0.041666666666666664
3 0.014705882352941176 0.655 0.025210084033613446 0.06333333333333334
3 0.3739495798319328 0.3983333333333333 0.06302521008403361 0.023333333333333334
3 0.43907563025210083 0.31166666666666665 0.04201680672268908 0.056666666666666664
3 0.3897058823529412 0.3025 0.06092436974789916 0.041666666666666664
3 0.4222689075630252 0.23166666666666666 0.07142857142857142 0.02666666666666667
