3 0.3125 0.365 0.056372549019607844 0.04666666666666667
3 0.31495098039215685 0.31833333333333336 0.0661764705882353 0.043333333333333335
3 0.9754901960784313 0.585 0.049019607843137254 0.043333333333333335
3 0.9705882352941176 0.6708333333333333 0.058823529411764705 0.018333333333333333
3 0.6875 0.8033333333333333 0.02696078431372549 0.06666666666666667
3 0.7058823529411765 0.7641666666666667 0.06862745098039216 0.025
3 0.7316176470588235 0.8808333333333334 0.056372549019607844 0.018333333333333333
3 0.6311274509803921 0.9383333333333334 0.031862745098039214 0.06
3 0.4411764705882353 0.8583333333333333 0.09803921568627451 0.016666666666666666
3 0.6017156862745098 0.74 0.04656862745098039 0.05
3 0.4252450980392157 0.6833333333333333 0.04656862745098039 0.05333333333333334
3 0.3272058823529412 0.7425 0.0857843137254902 0.025
3 0.29411764705882354 0.8541666666666666 0.07352941176470588 0.018333333333333333
3 0.22058823529411764 0.8425 0.0392156862745098 0.041666666666666664
3 0.13725490196078433 0.98 0.04411764705882353 0.04
