3 0.7086247086247086 0.205 0.05128205128205128 0.05333333333333334
3 0.6655011655011654 0.2625 0.053613053613053616 0.03833333333333333
3 0.6048951048951049 0.24083333333333334 0.04895104895104895 0.03166666666666667
3 0.3951048951048951 0.2791666666666667 0.03496503496503497 0.06166666666666667
3 0.04428904428904429 0.31333333333333335 0.023310023310023312 0.06
3 0.3298368298368298 0.47583333333333333 0.030303030303030304 0.06166666666666667
3 0.5769230769230769 0.6533333333333333 0.053613053613053616 0.043333333333333335
3 0.6037296037296037 0.7091666666666666 0.037296037296037296 0.051666666666666666
3 0.40326340326340326 0.8241666666666667 0.055944055944055944 0.03833333333333333
3 0.2062937062937063 0.855 0.039627039627039624 0.043333333333333335
