3 0.828828 0.515677 0.061205 0.044210
3 0.317853 0.584079 0.041447 0.049951
3 0.733446 0.965225 0.033790 0.041072
3 0.643850 0.682050 0.063204 0.025152
3 0.744519 0.557750 0.054197 0.024620
3 0.808627 0.780274 0.030494 0.089373
3 0.937258 0.652506 0.053026 0.038217
3 0.671045 0.809854 0.035974 0.056457
3 0.797540 0.475616 0.034137 0.057585
3 0.713267 0.128947 0.036508 0.047914
3 0.283691 0.552577 0.022402 0.086193
3 0.765750 0.914061 0.032644 0.044243
3 0.910003 0.522541 0.019176 0.049212
3 0.795597 0.177309 0.028719 0.045611
