3 0.323162 0.568469 0.048283 0.065088
3 0.150361 0.161547 0.049288 0.066774
3 0.342797 0.523511 0.052306 0.049100
3 0.889122 0.630202 0.059989 0.033580
3 0.907948 0.768807 0.029568 0.066474
3 0.871634 0.727136 0.044163 0.047576
3 0.694172 0.109502 0.077200 0.042548
3 0.488285 0.118988 0.024205 0.102266
3 0.074063 0.446073 0.041962 0.047576
3 0.605862 0.014257 0.051521 0.028514
3 0.016896 0.489265 0.032505 0.055214
3 0.250944 0.496511 0.027476 0.076731
3 0.252890 0.437797 0.021392 0.045676
3 0.989128 0.207461 0.020915 0.041831
