3 0.830577 0.297084 0.074117 0.048704
3 0.379308 0.335625 0.058587 0.046415
3 0.373057 0.433376 0.074105 0.031550
3 0.238588 0.050533 0.092700 0.035482
3 0.591214 0.038674 0.045854 0.049353
3 0.424475 0.333612 0.044236 0.058503
3 0.175847 0.063353 0.052698 0.047611
3 0.578788 0.836952 0.059499 0.036821
3 0.964139 0.459234 0.066278 0.045848
3 0.326409 0.089331 0.047271 0.043730
3 0.661773 0.812259 0.035905 0.055060
3 0.983387 0.346445 0.033226 0.028101
3 0.567223 0.876623 0.046143 0.046932
3 0.384811 0.253536 0.068537 0.031831
3 0.045963 0.735365 0.031803 0.057344
3 0.433880 0.231224 0.031243 0.030361
