3 0.572321 0.693121 0.079422 0.037035
3 0.893887 0.711993 0.061677 0.052879
3 0.212700 0.405783 0.040362 0.056019
3 0.239959 0.448537 0.055476 0.039591
3 0.769943 0.683463 0.068012 0.033754
3 0.882410 0.669012 0.078962 0.022717
3 0.530184 0.780166 0.072899 0.022411
3 0.710030 0.847406 0.082656 0.039398
3 0.505120 0.905109 0.045707 0.034105
3 0.944009 0.851458 0.052445 0.047333
3 0.581256 0.891751 0.065739 0.016496
3 0.986483 0.427045 0.027034 0.041370
3 0.982271 0.761884 0.035257 0.029582
3 0.890215 0.689310 0.067901 0.042403
