1 0.17692307692307693 0.3425 0.024175824175824177 0.018333333333333333
1 0.34615384615384615 0.4041666666666667 0.03296703296703297 0.018333333333333333
1 0.0989010989010989 0.46166666666666667 0.026373626373626374 0.016666666666666666
1 0.30439560439560437 0.4925 0.024175824175824177 0.025
1 0.7197802197802198 0.4483333333333333 0.02857142857142857 0.02
1 0.5758241758241758 0.505 0.03076923076923077 0.02
1 0.8461538461538461 0.31166666666666665 0.035164835164835165 0.023333333333333334
1 0.5626373626373626 0.20416666666666666 0.03076923076923077 0.021666666666666667
1 0.5428571428571428 0.7275 0.02197802197802198 0.025
1 0.421978021978022 0.8566666666666667 0.03076923076923077 0.016666666666666666
1 0.5813186813186814 0.9458333333333333 0.03296703296703297 0.018333333333333333
