1 0.47634408602150535 0.1375 0.03655913978494624 0.021666666666666667
1 0.7720430107526882 0.25583333333333336 0.030107526881720432 0.028333333333333332
1 0.489247311827957 0.4625 0.03655913978494624 0.015
1 0.6397849462365591 0.4 0.015053763440860216 0.02
1 0.45483870967741935 0.7016666666666667 0.023655913978494623 0.016666666666666666
1 0.3279569892473118 0.8391666666666666 0.03225806451612903 0.028333333333333332
1 0.4978494623655914 0.9358333333333333 0.03225806451612903 0.025
1 0.2032258064516129 0.44666666666666666 0.02795698924731183 0.023333333333333334
1 0.25161290322580643 0.35333333333333333 0.025806451612903226 0.016666666666666666
1 0.07204301075268817 0.28833333333333333 0.03655913978494624 0.016666666666666666
