1 0.6334894613583139 0.135 0.0351288056206089 0.023333333333333334
1 0.7166276346604216 0.19083333333333333 0.02810304449648712 0.018333333333333333
1 0.7903981264637002 0.12583333333333332 0.02107728337236534 0.011666666666666667
1 0.8348946135831382 0.13166666666666665 0.03044496487119438 0.02
1 0.797423887587822 0.021666666666666667 0.02576112412177986 0.02
1 0.7939110070257611 0.4191666666666667 0.02810304449648712 0.015
1 0.8243559718969555 0.7966666666666666 0.02810304449648712 0.016666666666666666
1 0.8770491803278688 0.925 0.02576112412177986 0.023333333333333334
1 0.3758782201405152 0.7583333333333333 0.02576112412177986 0.016666666666666666
1 0.3372365339578454 0.955 0.03278688524590164 0.013333333333333334
