3 0.5825 0.028186274509803922 0.03833333333333333 0.051470588235294115
3 0.6716666666666666 0.024509803921568627 0.023333333333333334 0.04411764705882353
3 0.7591666666666667 0.2916666666666667 0.018333333333333333 0.06862745098039216
3 0.8 0.3088235294117647 0.06 0.029411764705882353
3 0.8733333333333333 0.26838235294117646 0.013333333333333334 0.056372549019607844
3 0.9325 0.36887254901960786 0.055 0.02696078431372549
3 0.735 0.4007352941176471 0.04 0.041666666666666664
3 0.86 0.571078431372549 0.02 0.09313725490196079
3 0.6783333333333333 0.5772058823529411 0.05 0.051470588235294115
3 0.7416666666666667 0.6752450980392157 0.016666666666666666 0.07107843137254902
3 0.8558333333333333 0.7071078431372549 0.018333333333333333 0.051470588235294115
3 0.8441666666666666 0.7818627450980392 0.03166666666666667 0.03431372549019608
3 0.9841666666666666 0.8627450980392157 0.03166666666666667 0.029411764705882353
3 0.36083333333333334 0.6850490196078431 0.041666666666666664 0.051470588235294115
3 0.31583333333333335 0.6825980392156863 0.035 0.0661764705882353
