3 0.26416666666666666 0.31400437636761486 0.058333333333333334 0.12472647702407003
3 0.4241666666666667 0.16301969365426697 0.085 0.07221006564551423
3 0.4575 0.23085339168490154 0.058333333333333334 0.10722100656455143
3 0.545 0.3085339168490153 0.06666666666666667 0.0700218818380744
3 0.9791666666666666 0.2888402625820569 0.041666666666666664 0.0787746170678337
3 0.535 0.5251641137855579 0.06333333333333334 0.10940919037199125
3 0.44666666666666666 0.6017505470459519 0.11333333333333333 0.0437636761487965
3 0.5508333333333333 0.7800875273522976 0.07833333333333334 0.08971553610503283
3 0.4583333333333333 0.8982494529540481 0.05333333333333334 0.15973741794310722
3 0.30416666666666664 0.46061269146608314 0.08833333333333333 0.08533916849015317
