3 0.4058333333333333 0.4939467312348668 0.045 0.0387409200968523
3 0.455 0.5314769975786925 0.03333333333333333 0.04600484261501211
3 0.43666666666666665 0.5847457627118644 0.03 0.04600484261501211
3 0.47333333333333333 0.7736077481840193 0.05 0.026634382566585957
3 0.20333333333333334 0.8498789346246973 0.03666666666666667 0.029055690072639227
3 0.73 0.6779661016949152 0.04 0.029055690072639227
3 0.7966666666666666 0.612590799031477 0.03 0.0387409200968523
3 0.8458333333333333 0.585956416464891 0.03833333333333333 0.03389830508474576
3 0.9466666666666667 0.7663438256658596 0.03 0.04600484261501211
3 0.97 0.9491525423728814 0.03666666666666667 0.0387409200968523
