3 0.05333333333333334 0.3560924369747899 0.043333333333333335 0.04831932773109244
3 0.008333333333333333 0.26365546218487396 0.013333333333333334 0.03991596638655462
3 0.07083333333333333 0.6176470588235294 0.035 0.03361344537815126
3 0.018333333333333333 0.6869747899159664 0.03333333333333333 0.07142857142857142
3 0.024166666666666666 0.7468487394957983 0.045 0.03571428571428571
3 0.2325 0.5903361344537815 0.021666666666666667 0.07563025210084033
3 0.30583333333333335 0.6029411764705882 0.045 0.058823529411764705
3 0.30916666666666665 0.5619747899159664 0.04833333333333333 0.0273109243697479
3 0.40166666666666667 0.6292016806722689 0.02666666666666667 0.07773109243697479
3 0.32 0.16911764705882354 0.04 0.07352941176470588
3 0.38333333333333336 0.026260504201680673 0.02666666666666667 0.04831932773109244
3 0.4841666666666667 0.07247899159663866 0.051666666666666666 0.05672268907563025
3 0.7708333333333334 0.014705882352941176 0.051666666666666666 0.025210084033613446
3 0.79 0.41596638655462187 0.043333333333333335 0.025210084033613446
3 0.8083333333333333 0.49684873949579833 0.043333333333333335 0.052521008403361345
3 0.8416666666666667 0.5189075630252101 0.03333333333333333 0.04201680672268908
3 0.6541666666666667 0.9863445378151261 0.058333333333333334 0.018907563025210083
