3 0.5591666666666667 0.07366071428571429 0.035 0.05357142857142857
3 0.8658333333333333 0.109375 0.018333333333333333 0.07142857142857142
3 0.9583333333333334 0.3638392857142857 0.06333333333333334 0.03571428571428571
3 0.9341666666666667 0.4888392857142857 0.06166666666666667 0.03571428571428571
3 0.8433333333333334 0.45982142857142855 0.023333333333333334 0.07589285714285714
3 0.6391666666666667 0.6049107142857143 0.051666666666666666 0.044642857142857144
3 0.6475 0.8258928571428571 0.021666666666666667 0.07142857142857142
3 0.6883333333333334 0.9665178571428571 0.04 0.044642857142857144
3 0.10083333333333333 0.8872767857142857 0.025 0.033482142857142856
3 0.10166666666666667 0.8671875 0.043333333333333335 0.04241071428571429
3 0.08 0.21986607142857142 0.02 0.08258928571428571
