3 0.46731234866828086 0.455 0.043583535108958835 0.03666666666666667
3 0.5024213075060533 0.4058333333333333 0.04600484261501211 0.041666666666666664
3 0.41041162227602906 0.43166666666666664 0.04600484261501211 0.03333333333333333
3 0.1513317191283293 0.20916666666666667 0.026634382566585957 0.045
3 0.22276029055690072 0.4708333333333333 0.03389830508474576 0.045
3 0.324455205811138 0.7333333333333333 0.029055690072639227 0.04666666666666667
3 0.38619854721549635 0.7916666666666666 0.04116222760290557 0.04
3 0.4128329297820823 0.8425 0.03631961259079903 0.03833333333333333
3 0.23123486682808717 0.9458333333333333 0.05569007263922518 0.028333333333333332
3 0.05569007263922518 0.9716666666666667 0.053268765133171914 0.03666666666666667
