3 0.5509049773755657 0.27 0.033936651583710405 0.03666666666666667
3 0.5135746606334841 0.235 0.06334841628959276 0.023333333333333334
3 0.5067873303167421 0.21 0.07239819004524888 0.023333333333333334
3 0.8619909502262444 0.365 0.058823529411764705 0.03333333333333333
3 0.8687782805429864 0.3283333333333333 0.05429864253393665 0.03333333333333333
3 0.8518099547511312 0.29083333333333333 0.05656108597285068 0.03833333333333333
3 0.9558823529411765 0.3416666666666667 0.08823529411764706 0.02666666666666667
3 0.9615384615384616 0.6258333333333334 0.06787330316742081 0.041666666666666664
3 0.8484162895927602 0.6558333333333334 0.05429864253393665 0.041666666666666664
3 0.7058823529411765 0.5525 0.058823529411764705 0.055
3 0.6595022624434389 0.645 0.09728506787330317 0.043333333333333335
3 0.6515837104072398 0.9691666666666666 0.04072398190045249 0.045
3 0.9377828054298643 0.9575 0.06108597285067873 0.058333333333333334
