3 0.10284463894967177 0.45916666666666667 0.16630196936542668 0.065
3 0.22538293216630198 0.5483333333333333 0.0962800875273523 0.07666666666666666
3 0.3938730853391685 0.44416666666666665 0.04814004376367615 0.115
3 0.4737417943107221 0.5416666666666666 0.11597374179431072 0.08333333333333333
3 0.6903719912472648 0.5458333333333333 0.08096280087527352 0.06833333333333333
3 0.7724288840262582 0.4608333333333333 0.10940919037199125 0.058333333333333334
3 0.838074398249453 0.4325 0.07439824945295405 0.08166666666666667
3 0.6827133479212254 0.2683333333333333 0.1400437636761488 0.06666666666666667
3 0.537199124726477 0.3016666666666667 0.09846827133479212 0.09666666666666666
3 0.7111597374179431 0.9775 0.087527352297593 0.045
