3 0.325 0.7858333333333334 0.1595238095238095 0.06166666666666667
3 0.19166666666666668 0.7233333333333334 0.06904761904761905 0.09
3 0.16785714285714284 0.8058333333333333 0.14047619047619048 0.075
3 0.3 0.9216666666666666 0.11428571428571428 0.08
3 0.7916666666666666 0.6575 0.14047619047619048 0.065
3 0.9773809523809524 0.6508333333333334 0.04523809523809524 0.041666666666666664
3 0.955952380952381 0.7583333333333333 0.07857142857142857 0.12
3 0.7916666666666666 0.105 0.0880952380952381 0.09666666666666666
3 0.8535714285714285 0.050833333333333335 0.10714285714285714 0.08166666666666667
3 0.6928571428571428 0.07333333333333333 0.09047619047619047 0.07333333333333333
