3 0.13727678571428573 0.1 0.03794642857142857 0.05
3 0.11160714285714286 0.10333333333333333 0.044642857142857144 0.02666666666666667
3 0.7756696428571429 0.07666666666666666 0.09598214285714286 0.02
3 0.9263392857142857 0.5608333333333333 0.05357142857142857 0.035
3 0.390625 0.6425 0.05357142857142857 0.055
3 0.171875 0.6491666666666667 0.07589285714285714 0.028333333333333332
3 0.029017857142857144 0.6875 0.049107142857142856 0.035
3 0.5424107142857143 0.8458333333333333 0.07142857142857142 0.035
3 0.8939732142857143 0.87 0.06473214285714286 0.023333333333333334
3 0.6372767857142857 0.9616666666666667 0.024553571428571428 0.06333333333333334
3 0.5066964285714286 0.9358333333333333 0.03125 0.058333333333333334
