5 0.450268 0.235242 0.071556 0.062612
5 0.557603 0.432021 0.089445 0.059034
5 0.783005 0.318426 0.071556 0.057245
5 0.859034 0.525045 0.055456 0.073345
5 0.757066 0.559034 0.066190 0.055456
5 0.705188 0.644007 0.076923 0.075134
5 0.668515 0.748658 0.093023 0.059034
5 0.866190 0.907871 0.073345 0.080501
5 0.837567 0.655635 0.062612 0.066190
5 0.205188 0.571556 0.089445 0.051878
5 0.282111 0.778175 0.093023 0.071556
5 0.135420 0.745975 0.085868 0.071556
5 0.053131 0.656530 0.078712 0.060823
5 0.136315 0.849732 0.087657 0.050089
5 0.427012 0.358676 0.071556 0.051878