5 0.816495 0.586683 0.081002 0.085474
5 0.638676 0.589771 0.066173 0.063695
5 0.312258 0.365098 0.063358 0.059295
5 0.263682 0.255565 0.062850 0.054511
5 0.196340 0.120793 0.077167 0.067397
5 0.533501 0.638209 0.071902 0.070574
5 0.643534 0.933282 0.068529 0.064793
5 0.272625 0.135211 0.059411 0.061705
5 0.302600 0.464882 0.066947 0.060920
5 0.955091 0.744842 0.073797 0.086081
5 0.274773 0.807784 0.073639 0.074939
5 0.374728 0.391089 0.077625 0.078195
5 0.744754 0.478572 0.065231 0.067073
5 0.299881 0.301336 0.060703 0.054371