5 0.483363 0.355098 0.076923 0.080501
5 0.456529 0.508945 0.087657 0.076923
5 0.468157 0.654741 0.071556 0.057245
5 0.488730 0.737030 0.069767 0.050089
5 0.274061 0.672630 0.051878 0.035778
5 0.346512 0.704830 0.046512 0.071556
5 0.123792 0.766547 0.080501 0.059034
5 0.238283 0.944544 0.076923 0.050089
5 0.396601 0.811270 0.050089 0.055456
5 0.583542 0.740608 0.051878 0.057245
5 0.884079 0.652057 0.073345 0.062612
5 0.908229 0.181574 0.078712 0.073345
5 0.852773 0.050089 0.053667 0.064401
5 0.723971 0.258497 0.082290 0.073345
5 0.689982 0.369410 0.096601 0.066190