5 0.172987 0.110018 0.075134 0.044723
5 0.605009 0.027728 0.073345 0.055456
5 0.208766 0.202147 0.050089 0.050089
5 0.275850 0.223614 0.084079 0.057245
5 0.215921 0.293381 0.075134 0.050089
5 0.162254 0.016995 0.071556 0.033989
5 0.592487 0.281753 0.084079 0.044723
5 0.683721 0.372093 0.091234 0.064401
5 0.816100 0.504472 0.069767 0.082290
5 0.896601 0.438283 0.073345 0.082290
5 0.543292 0.686941 0.057245 0.064401
5 0.661360 0.525045 0.064401 0.062612
5 0.414490 0.426655 0.082290 0.073345
5 0.348301 0.873882 0.078712 0.048301
5 0.633631 0.924866 0.066190 0.046512