5 0.147048 0.124329 0.062612 0.066190
5 0.238283 0.133274 0.109123 0.048301
5 0.218605 0.247764 0.062612 0.044723
5 0.250805 0.288909 0.076923 0.044723
5 0.270483 0.341682 0.055456 0.053667
5 0.333989 0.364043 0.085868 0.066190
5 0.264222 0.438283 0.071556 0.064401
5 0.477996 0.573345 0.073345 0.076923
5 0.571914 0.534884 0.057245 0.064401
5 0.664043 0.415921 0.087657 0.059034
5 0.747227 0.515206 0.107335 0.064401
5 0.942218 0.558140 0.075134 0.078712
5 0.875134 0.635957 0.116279 0.055456
5 0.597853 0.825581 0.066190 0.066190