5 0.202504 0.043828 0.098390 0.076923
5 0.207871 0.178891 0.073345 0.064401
5 0.282111 0.163685 0.042934 0.059034
5 0.367979 0.159213 0.064401 0.075134
5 0.310733 0.333631 0.089445 0.062612
5 0.442218 0.307692 0.059034 0.050089
5 0.596959 0.194991 0.089445 0.075134
5 0.869767 0.063506 0.076923 0.076923
5 0.797317 0.274597 0.064401 0.069767
5 0.900179 0.386404 0.080501 0.064401
5 0.450268 0.728086 0.089445 0.089445
5 0.146154 0.932021 0.050089 0.071556
5 0.333095 0.875671 0.059034 0.048301
5 0.458318 0.958855 0.073345 0.078712
5 0.609481 0.818426 0.060823 0.069767
5 0.740966 0.805009 0.066190 0.067979